   Wavelength (nm)  alpha0(5s)    alphs0(5p)     alpha2(5p)
   8.000000E+02,  7.458856E+03, -2.591020E+03,  2.543644E+03
   8.042047E+02,  6.095754E+03, -2.171296E+03,  2.095858E+03
   8.084314E+02,  5.162291E+03, -1.887900E+03,  1.790420E+03
   8.126804E+02,  4.483025E+03, -1.684681E+03,  1.569119E+03
   8.169518E+02,  3.966589E+03, -1.532574E+03,  1.401665E+03
   8.212455E+02,  3.560721E+03, -1.415045E+03,  1.270749E+03
   8.255619E+02,  3.233361E+03, -1.322001E+03,  1.165762E+03
   8.299009E+02,  2.963752E+03, -1.246933E+03,  1.079841E+03
   8.342627E+02,  2.737863E+03, -1.185461E+03,  1.008352E+03
   8.386475E+02,  2.545865E+03, -1.134528E+03,  9.480510E+02
   8.430553E+02,  2.380671E+03, -1.091938E+03,  8.966026E+02
   8.474862E+02,  2.237043E+03, -1.056073E+03,  8.522809E+02
   8.519405E+02,  2.111022E+03, -1.025715E+03,  8.137842E+02
   8.564181E+02,  1.999564E+03, -9.999303E+02,  7.801120E+02
   8.609193E+02,  1.900286E+03, -9.779926E+02,  7.504832E+02
   8.654442E+02,  1.811301E+03, -9.593271E+02,  7.242789E+02
   8.699928E+02,  1.731090E+03, -9.434744E+02,  7.010028E+02
   8.745654E+02,  1.658420E+03, -9.300633E+02,  6.802525E+02
   8.791620E+02,  1.592280E+03, -9.187904E+02,  6.616981E+02
   8.837827E+02,  1.531830E+03, -9.094061E+02,  6.450671E+02
   8.884277E+02,  1.476369E+03, -9.017033E+02,  6.301322E+02
   8.930971E+02,  1.425306E+03, -8.955090E+02,  6.167029E+02
   8.977911E+02,  1.378141E+03, -8.906780E+02,  6.046180E+02
   9.025098E+02,  1.334446E+03, -8.870875E+02,  5.937405E+02
   9.072532E+02,  1.293854E+03, -8.846338E+02,  5.839536E+02
   9.120216E+02,  1.256048E+03, -8.832285E+02,  5.751568E+02
   9.168150E+02,  1.220751E+03, -8.827961E+02,  5.672635E+02
   9.216337E+02,  1.187725E+03, -8.832725E+02,  5.601989E+02
   9.264776E+02,  1.156758E+03, -8.846027E+02,  5.538980E+02
   9.313471E+02,  1.127666E+03, -8.867399E+02,  5.483043E+02
   9.362421E+02,  1.100284E+03, -8.896441E+02,  5.433686E+02
   9.411628E+02,  1.074467E+03, -8.932816E+02,  5.390479E+02
   9.461094E+02,  1.050086E+03, -8.976236E+02,  5.353047E+02
   9.510820E+02,  1.027026E+03, -9.026464E+02,  5.321063E+02
   9.560807E+02,  1.005183E+03, -9.083301E+02,  5.294243E+02
   9.611058E+02,  9.844650E+02, -9.146588E+02,  5.272337E+02
   9.661572E+02,  9.647878E+02, -9.216198E+02,  5.255131E+02
   9.712351E+02,  9.460761E+02, -9.292037E+02,  5.242441E+02
   9.763398E+02,  9.282613E+02, -9.374036E+02,  5.234108E+02
   9.814713E+02,  9.112815E+02, -9.462154E+02,  5.229998E+02
   9.866297E+02,  8.950801E+02, -9.556377E+02,  5.230000E+02
   9.918153E+02,  8.796056E+02, -9.656710E+02,  5.234025E+02
   9.970281E+02,  8.648110E+02, -9.763183E+02,  5.242001E+02
   1.002268E+03,  8.506531E+02, -9.875849E+02,  5.253875E+02
   1.007536E+03,  8.370925E+02, -9.994778E+02,  5.269613E+02
   1.012832E+03,  8.240928E+02, -1.012007E+03,  5.289196E+02
   1.018155E+03,  8.116207E+02, -1.025182E+03,  5.312622E+02
   1.023506E+03,  7.996452E+02, -1.039019E+03,  5.339905E+02
   1.028885E+03,  7.881379E+02, -1.053532E+03,  5.371075E+02
   1.034293E+03,  7.770724E+02, -1.068739E+03,  5.406177E+02
   1.039729E+03,  7.664244E+02, -1.084661E+03,  5.445273E+02
   1.045194E+03,  7.561713E+02, -1.101319E+03,  5.488441E+02
   1.050687E+03,  7.462919E+02, -1.118738E+03,  5.535777E+02
   1.056210E+03,  7.367668E+02, -1.136947E+03,  5.587393E+02
   1.061761E+03,  7.275777E+02, -1.155975E+03,  5.643421E+02
   1.067341E+03,  7.187075E+02, -1.175855E+03,  5.704013E+02
   1.072951E+03,  7.101406E+02, -1.196624E+03,  5.769341E+02
   1.078590E+03,  7.018619E+02, -1.218321E+03,  5.839601E+02
   1.084259E+03,  6.938576E+02, -1.240990E+03,  5.915012E+02
   1.089958E+03,  6.861148E+02, -1.264678E+03,  5.995823E+02
   1.095687E+03,  6.786212E+02, -1.289436E+03,  6.082310E+02
   1.101445E+03,  6.713654E+02, -1.315322E+03,  6.174782E+02
   1.107234E+03,  6.643365E+02, -1.342397E+03,  6.273584E+02
   1.113054E+03,  6.575246E+02, -1.370729E+03,  6.379103E+02
   1.118904E+03,  6.509200E+02, -1.400392E+03,  6.491770E+02
   1.124785E+03,  6.445138E+02, -1.431467E+03,  6.612067E+02
   1.130696E+03,  6.382974E+02, -1.464043E+03,  6.740533E+02
   1.136639E+03,  6.322630E+02, -1.498220E+03,  6.877772E+02
   1.142613E+03,  6.264030E+02, -1.534105E+03,  7.024463E+02
   1.148618E+03,  6.207101E+02, -1.571820E+03,  7.181372E+02
   1.154655E+03,  6.151777E+02, -1.611498E+03,  7.349360E+02
   1.160724E+03,  6.097994E+02, -1.653286E+03,  7.529404E+02
   1.166825E+03,  6.045691E+02, -1.697352E+03,  7.722612E+02
   1.172957E+03,  5.994810E+02, -1.743881E+03,  7.930249E+02
   1.179122E+03,  5.945297E+02, -1.793082E+03,  8.153761E+02
   1.185319E+03,  5.897100E+02, -1.845192E+03,  8.394809E+02
   1.191549E+03,  5.850169E+02, -1.900477E+03,  8.655314E+02
   1.197812E+03,  5.804459E+02, -1.959243E+03,  8.937501E+02
   1.204107E+03,  5.759924E+02, -2.021841E+03,  9.243972E+02
   1.210436E+03,  5.716522E+02, -2.088674E+03,  9.577781E+02
   1.216798E+03,  5.674213E+02, -2.160211E+03,  9.942540E+02
   1.223193E+03,  5.632957E+02, -2.237002E+03,  1.034255E+03
   1.229622E+03,  5.592719E+02, -2.319693E+03,  1.078298E+03
   1.236085E+03,  5.553464E+02, -2.409054E+03,  1.127008E+03
   1.242581E+03,  5.515157E+02, -2.506009E+03,  1.181153E+03
   1.249112E+03,  5.477767E+02, -2.611684E+03,  1.241681E+03
   1.255677E+03,  5.441263E+02, -2.727461E+03,  1.309779E+03
   1.262277E+03,  5.405617E+02, -2.855068E+03,  1.386957E+03
   1.268911E+03,  5.370799E+02, -2.996695E+03,  1.475160E+03
   1.275580E+03,  5.336784E+02, -3.155171E+03,  1.576947E+03
   1.282285E+03,  5.303546E+02, -3.334232E+03,  1.695745E+03
   1.289024E+03,  5.271060E+02, -3.538930E+03,  1.836258E+03
   1.295799E+03,  5.239303E+02, -3.776302E+03,  2.005131E+03
   1.302610E+03,  5.208252E+02, -4.056492E+03,  2.212060E+03
   1.309456E+03,  5.177885E+02, -4.394754E+03,  2.471787E+03
   1.316338E+03,  5.148182E+02, -4.815244E+03,  2.807879E+03
   1.323257E+03,  5.119123E+02, -5.358821E+03,  3.260519E+03
   1.330212E+03,  5.090688E+02, -6.100882E+03,  3.904313E+03
   1.337203E+03,  5.062860E+02, -7.198375E+03,  4.895293E+03
   1.344231E+03,  5.035620E+02, -9.042747E+03,  6.623825E+03
   1.351296E+03,  5.008952E+02, -1.296504E+04,  1.041968E+04
   1.358398E+03,  4.982839E+02, -2.833373E+04,  2.564981E+04
   1.365538E+03,  4.957265E+02,  4.624684E+04, -4.908328E+04
   1.372715E+03,  4.932215E+02,  9.098566E+03, -1.210368E+04
   1.379930E+03,  4.907675E+02,  3.544129E+03, -6.736771E+03
   1.387182E+03,  4.883630E+02,  1.168473E+03, -4.570850E+03
   1.394473E+03,  4.860067E+02, -2.483159E+02, -3.390183E+03
   1.401802E+03,  4.836973E+02, -1.267477E+03, -2.638831E+03
   1.409170E+03,  4.814335E+02, -2.101467E+03, -2.111160E+03
   1.416576E+03,  4.792141E+02, -2.853413E+03, -1.712980E+03
   1.424022E+03,  4.770379E+02, -3.585061E+03, -1.394473E+03
   1.431506E+03,  4.749038E+02, -4.342234E+03, -1.126110E+03
   1.439030E+03,  4.728107E+02, -5.167323E+03, -8.883564E+02
   1.446593E+03,  4.707575E+02, -6.108098E+03, -6.665374E+02
   1.454196E+03,  4.687433E+02, -7.227303E+03, -4.476884E+02
   1.461839E+03,  4.667670E+02, -8.617371E+03, -2.178825E+02
   1.469522E+03,  4.648276E+02, -1.042810E+04,  4.123704E+01
   1.477246E+03,  4.629243E+02, -1.292677E+04,  3.588936E+02
   1.485010E+03,  4.610561E+02, -1.664904E+04,  7.905388E+02
   1.492815E+03,  4.592223E+02, -2.285803E+04,  1.463934E+03
   1.500661E+03,  4.574218E+02, -3.542829E+04,  2.767668E+03
   1.508548E+03,  4.556541E+02, -7.485777E+04,  6.752435E+03
   1.516477E+03,  4.539181E+02,  1.044049E+06, -1.051006E+05
   1.524447E+03,  4.522133E+02,  6.755238E+04, -7.416852E+03
   1.532460E+03,  4.505388E+02,  3.541035E+04, -4.171674E+03
   1.540514E+03,  4.488939E+02,  2.420232E+04, -3.022594E+03
   1.548611E+03,  4.472780E+02,  1.849209E+04, -2.425660E+03
   1.556750E+03,  4.456904E+02,  1.502648E+04, -2.055272E+03
   1.564932E+03,  4.441304E+02,  1.269664E+04, -1.800307E+03
   1.573157E+03,  4.425974E+02,  1.102114E+04, -1.612419E+03
   1.581425E+03,  4.410908E+02,  9.757160E+03, -1.467151E+03
   1.589737E+03,  4.396100E+02,  8.768920E+03, -1.350775E+03
   1.598092E+03,  4.381543E+02,  7.974552E+03, -1.254973E+03
   1.606492E+03,  4.367234E+02,  7.321736E+03, -1.174399E+03
   1.614935E+03,  4.353165E+02,  6.775470E+03, -1.105452E+03
   1.623423E+03,  4.339332E+02,  6.311444E+03, -1.045614E+03
   1.631956E+03,  4.325730E+02,  5.912244E+03, -9.930655E+02
   1.640533E+03,  4.312353E+02,  5.565064E+03, -9.464570E+02
   1.649155E+03,  4.299198E+02,  5.260279E+03, -9.047644E+02
   1.657823E+03,  4.286258E+02,  4.990506E+03, -8.671951E+02
   1.666536E+03,  4.273530E+02,  4.749994E+03, -8.331247E+02
   1.675295E+03,  4.261008E+02,  4.534190E+03, -8.020539E+02
   1.684100E+03,  4.248690E+02,  4.339445E+03, -7.735782E+02
   1.692952E+03,  4.236570E+02,  4.162797E+03, -7.473655E+02
   1.701850E+03,  4.224644E+02,  4.001818E+03, -7.231408E+02
   1.710794E+03,  4.212909E+02,  3.854500E+03, -7.006736E+02
   1.719786E+03,  4.201360E+02,  3.719164E+03, -6.797695E+02
   1.728825E+03,  4.189994E+02,  3.594397E+03, -6.602627E+02
   1.737911E+03,  4.178807E+02,  3.479003E+03, -6.420112E+02
   1.747045E+03,  4.167795E+02,  3.371958E+03, -6.248924E+02
   1.756228E+03,  4.156955E+02,  3.272386E+03, -6.087999E+02
   1.765458E+03,  4.146284E+02,  3.179527E+03, -5.936406E+02
   1.774737E+03,  4.135777E+02,  3.092724E+03, -5.793329E+02
   1.784065E+03,  4.125433E+02,  3.011401E+03, -5.658049E+02
   1.793442E+03,  4.115247E+02,  2.935056E+03, -5.529926E+02
   1.802868E+03,  4.105217E+02,  2.863246E+03, -5.408393E+02
   1.812343E+03,  4.095340E+02,  2.795577E+03, -5.292944E+02
   1.821869E+03,  4.085613E+02,  2.731703E+03, -5.183123E+02
   1.831444E+03,  4.076032E+02,  2.671314E+03, -5.078521E+02
   1.841070E+03,  4.066596E+02,  2.614132E+03, -4.978771E+02
   1.850746E+03,  4.057300E+02,  2.559911E+03, -4.883537E+02
   1.860473E+03,  4.048144E+02,  2.508427E+03, -4.792518E+02
   1.870252E+03,  4.039124E+02,  2.459480E+03, -4.705436E+02
   1.880081E+03,  4.030237E+02,  2.412887E+03, -4.622042E+02
   1.889963E+03,  4.021481E+02,  2.368484E+03, -4.542105E+02
   1.899896E+03,  4.012855E+02,  2.326121E+03, -4.465414E+02
   1.909882E+03,  4.004354E+02,  2.285663E+03, -4.391776E+02
   1.919920E+03,  3.995978E+02,  2.246985E+03, -4.321012E+02
   1.930011E+03,  3.987723E+02,  2.209974E+03, -4.252960E+02
   1.940154E+03,  3.979588E+02,  2.174525E+03, -4.187466E+02
   1.950352E+03,  3.971571E+02,  2.140543E+03, -4.124391E+02
   1.960602E+03,  3.963669E+02,  2.107940E+03, -4.063606E+02
   1.970907E+03,  3.955880E+02,  2.076635E+03, -4.004988E+02
   1.981266E+03,  3.948202E+02,  2.046553E+03, -3.948426E+02
   1.991679E+03,  3.940634E+02,  2.017626E+03, -3.893816E+02
   2.002147E+03,  3.933174E+02,  1.989788E+03, -3.841060E+02
   2.012670E+03,  3.925819E+02,  1.962982E+03, -3.790068E+02
   2.023248E+03,  3.918568E+02,  1.937151E+03, -3.740754E+02
   2.033882E+03,  3.911419E+02,  1.912245E+03, -3.693039E+02
   2.044572E+03,  3.904370E+02,  1.888216E+03, -3.646848E+02
   2.055318E+03,  3.897419E+02,  1.865020E+03, -3.602112E+02
   2.066120E+03,  3.890565E+02,  1.842615E+03, -3.558764E+02
   2.076979E+03,  3.883807E+02,  1.820962E+03, -3.516744E+02
   2.087896E+03,  3.877142E+02,  1.800026E+03, -3.475993E+02
   2.098869E+03,  3.870569E+02,  1.779771E+03, -3.436456E+02
   2.109901E+03,  3.864087E+02,  1.760167E+03, -3.398083E+02
   2.120990E+03,  3.857693E+02,  1.741183E+03, -3.360823E+02
   2.132137E+03,  3.851387E+02,  1.722792E+03, -3.324632E+02
   2.143344E+03,  3.845167E+02,  1.704967E+03, -3.289466E+02
   2.154609E+03,  3.839032E+02,  1.687682E+03, -3.255283E+02
   2.165933E+03,  3.832980E+02,  1.670916E+03, -3.222046E+02
   2.177317E+03,  3.827010E+02,  1.654645E+03, -3.189716E+02
   2.188760E+03,  3.821121E+02,  1.638849E+03, -3.158259E+02
   2.200264E+03,  3.815310E+02,  1.623508E+03, -3.127642E+02
   2.211828E+03,  3.809578E+02,  1.608603E+03, -3.097833E+02
   2.223453E+03,  3.803922E+02,  1.594117E+03, -3.068802E+02
   2.235140E+03,  3.798342E+02,  1.580034E+03, -3.040521E+02
   2.246887E+03,  3.792837E+02,  1.566337E+03, -3.012962E+02
   2.258696E+03,  3.787404E+02,  1.553011E+03, -2.986101E+02
   2.270568E+03,  3.782043E+02,  1.540042E+03, -2.959911E+02
   2.282501E+03,  3.776753E+02,  1.527417E+03, -2.934370E+02
   2.294498E+03,  3.771533E+02,  1.515123E+03, -2.909456E+02
   2.306557E+03,  3.766382E+02,  1.503148E+03, -2.885146E+02
   2.318680E+03,  3.761298E+02,  1.491479E+03, -2.861421E+02
   2.330867E+03,  3.756281E+02,  1.480107E+03, -2.838261E+02
   2.343118E+03,  3.751329E+02,  1.469020E+03, -2.815647E+02
   2.355433E+03,  3.746442E+02,  1.458208E+03, -2.793562E+02
   2.367812E+03,  3.741618E+02,  1.447663E+03, -2.771988E+02
   2.380257E+03,  3.736856E+02,  1.437374E+03, -2.750909E+02
   2.392768E+03,  3.732157E+02,  1.427332E+03, -2.730310E+02
   2.405344E+03,  3.727518E+02,  1.417531E+03, -2.710175E+02
   2.417986E+03,  3.722938E+02,  1.407961E+03, -2.690490E+02
   2.430694E+03,  3.718418E+02,  1.398616E+03, -2.671241E+02
   2.443470E+03,  3.713955E+02,  1.389487E+03, -2.652416E+02
   2.456312E+03,  3.709550E+02,  1.380568E+03, -2.634000E+02
   2.469222E+03,  3.705200E+02,  1.371852E+03, -2.615983E+02
   2.482200E+03,  3.700907E+02,  1.363332E+03, -2.598352E+02
   2.495246E+03,  3.696667E+02,  1.355004E+03, -2.581095E+02
   2.508361E+03,  3.692482E+02,  1.346860E+03, -2.564203E+02
   2.521544E+03,  3.688349E+02,  1.338895E+03, -2.547665E+02
   2.534797E+03,  3.684269E+02,  1.331104E+03, -2.531470E+02
   2.548119E+03,  3.680240E+02,  1.323481E+03, -2.515609E+02
   2.561512E+03,  3.676262E+02,  1.316021E+03, -2.500073E+02
   2.574975E+03,  3.672334E+02,  1.308721E+03, -2.484852E+02
   2.588509E+03,  3.668455E+02,  1.301574E+03, -2.469939E+02
   2.602113E+03,  3.664624E+02,  1.294577E+03, -2.455323E+02
   2.615790E+03,  3.660842E+02,  1.287725E+03, -2.440999E+02
   2.629538E+03,  3.657106E+02,  1.281014E+03, -2.426957E+02
   2.643358E+03,  3.653417E+02,  1.274441E+03, -2.413191E+02
   2.657251E+03,  3.649774E+02,  1.268001E+03, -2.399692E+02
   2.671217E+03,  3.646176E+02,  1.261690E+03, -2.386455E+02
   2.685257E+03,  3.642622E+02,  1.255506E+03, -2.373471E+02
   2.699370E+03,  3.639112E+02,  1.249445E+03, -2.360736E+02
   2.713558E+03,  3.635646E+02,  1.243503E+03, -2.348242E+02
   2.727820E+03,  3.632222E+02,  1.237677E+03, -2.335984E+02
   2.742157E+03,  3.628840E+02,  1.231965E+03, -2.323955E+02
   2.756569E+03,  3.625500E+02,  1.226363E+03, -2.312149E+02
   2.771057E+03,  3.622201E+02,  1.220868E+03, -2.300562E+02
   2.785621E+03,  3.618942E+02,  1.215478E+03, -2.289188E+02
   2.800262E+03,  3.615722E+02,  1.210190E+03, -2.278021E+02
   2.814980E+03,  3.612542E+02,  1.205001E+03, -2.267057E+02
   2.829775E+03,  3.609401E+02,  1.199909E+03, -2.256291E+02
   2.844648E+03,  3.606298E+02,  1.194912E+03, -2.245719E+02
   2.859599E+03,  3.603232E+02,  1.190006E+03, -2.235334E+02
   2.874628E+03,  3.600203E+02,  1.185191E+03, -2.225134E+02
   2.889737E+03,  3.597211E+02,  1.180463E+03, -2.215114E+02
   2.904925E+03,  3.594256E+02,  1.175821E+03, -2.205269E+02
   2.920193E+03,  3.591335E+02,  1.171262E+03, -2.195597E+02
   2.935541E+03,  3.588450E+02,  1.166785E+03, -2.186092E+02
   2.950970E+03,  3.585600E+02,  1.162387E+03, -2.176750E+02
   2.966479E+03,  3.582783E+02,  1.158067E+03, -2.167570E+02
   2.982071E+03,  3.580001E+02,  1.153824E+03, -2.158546E+02
   2.997744E+03,  3.577252E+02,  1.149654E+03, -2.149675E+02
   3.013500E+03,  3.574535E+02,  1.145556E+03, -2.140954E+02
   3.029338E+03,  3.571851E+02,  1.141530E+03, -2.132379E+02
   3.045260E+03,  3.569199E+02,  1.137572E+03, -2.123948E+02
   3.061265E+03,  3.566579E+02,  1.133683E+03, -2.115658E+02
   3.077355E+03,  3.563989E+02,  1.129859E+03, -2.107504E+02
   3.093529E+03,  3.561430E+02,  1.126100E+03, -2.099485E+02
   3.109788E+03,  3.558902E+02,  1.122404E+03, -2.091597E+02
   3.126133E+03,  3.556403E+02,  1.118771E+03, -2.083839E+02
   3.142563E+03,  3.553934E+02,  1.115197E+03, -2.076206E+02
   3.159080E+03,  3.551495E+02,  1.111683E+03, -2.068696E+02
   3.175683E+03,  3.549083E+02,  1.108227E+03, -2.061308E+02
   3.192374E+03,  3.546701E+02,  1.104827E+03, -2.054038E+02
   3.209153E+03,  3.544346E+02,  1.101483E+03, -2.046883E+02
   3.226020E+03,  3.542019E+02,  1.098194E+03, -2.039843E+02
   3.242975E+03,  3.539719E+02,  1.094957E+03, -2.032913E+02
   3.260020E+03,  3.537446E+02,  1.091773E+03, -2.026093E+02
   3.277154E+03,  3.535200E+02,  1.088639E+03, -2.019380E+02
   3.294378E+03,  3.532980E+02,  1.085556E+03, -2.012771E+02
   3.311693E+03,  3.530785E+02,  1.082522E+03, -2.006265E+02
   3.329099E+03,  3.528617E+02,  1.079535E+03, -1.999860E+02
   3.346596E+03,  3.526473E+02,  1.076595E+03, -1.993553E+02
   3.364185E+03,  3.524355E+02,  1.073702E+03, -1.987344E+02
   3.381867E+03,  3.522261E+02,  1.070854E+03, -1.981229E+02
   3.399641E+03,  3.520192E+02,  1.068049E+03, -1.975207E+02
   3.417509E+03,  3.518146E+02,  1.065289E+03, -1.969277E+02
   3.435471E+03,  3.516124E+02,  1.062570E+03, -1.963436E+02
   3.453527E+03,  3.514125E+02,  1.059894E+03, -1.957683E+02
   3.471678E+03,  3.512150E+02,  1.057258E+03, -1.952016E+02
   3.489925E+03,  3.510197E+02,  1.054662E+03, -1.946434E+02
   3.508268E+03,  3.508267E+02,  1.052106E+03, -1.940935E+02
   3.526706E+03,  3.506359E+02,  1.049588E+03, -1.935518E+02
   3.545242E+03,  3.504473E+02,  1.047108E+03, -1.930180E+02
   3.563876E+03,  3.502609E+02,  1.044666E+03, -1.924921E+02
   3.582607E+03,  3.500766E+02,  1.042259E+03, -1.919740E+02
   3.601436E+03,  3.498944E+02,  1.039889E+03, -1.914634E+02
   3.620365E+03,  3.497143E+02,  1.037553E+03, -1.909602E+02
   3.639393E+03,  3.495363E+02,  1.035252E+03, -1.904643E+02
   3.658521E+03,  3.493603E+02,  1.032985E+03, -1.899756E+02
   3.677750E+03,  3.491863E+02,  1.030751E+03, -1.894940E+02
   3.697079E+03,  3.490143E+02,  1.028549E+03, -1.890192E+02
   3.716511E+03,  3.488442E+02,  1.026380E+03, -1.885513E+02
   3.736044E+03,  3.486761E+02,  1.024242E+03, -1.880900E+02
   3.755680E+03,  3.485099E+02,  1.022134E+03, -1.876353E+02
   3.775419E+03,  3.483456E+02,  1.020058E+03, -1.871870E+02
   3.795262E+03,  3.481832E+02,  1.018010E+03, -1.867451E+02
   3.815210E+03,  3.480226E+02,  1.015993E+03, -1.863094E+02
   3.835262E+03,  3.478638E+02,  1.014003E+03, -1.858798E+02
   3.855419E+03,  3.477069E+02,  1.012042E+03, -1.854563E+02
   3.875683E+03,  3.475517E+02,  1.010109E+03, -1.850386E+02
   3.896053E+03,  3.473982E+02,  1.008203E+03, -1.846268E+02
   3.916530E+03,  3.472465E+02,  1.006324E+03, -1.842206E+02
   3.937114E+03,  3.470965E+02,  1.004471E+03, -1.838201E+02
   3.957807E+03,  3.469482E+02,  1.002644E+03, -1.834251E+02
   3.978609E+03,  3.468016E+02,  1.000843E+03, -1.830356E+02
   3.999520E+03,  3.466566E+02,  9.990665E+02, -1.826513E+02
   4.020541E+03,  3.465132E+02,  9.973147E+02, -1.822724E+02
   4.041672E+03,  3.463715E+02,  9.955870E+02, -1.818986E+02
   4.062914E+03,  3.462314E+02,  9.938830E+02, -1.815299E+02
   4.084268E+03,  3.460928E+02,  9.922025E+02, -1.811662E+02
   4.105735E+03,  3.459558E+02,  9.905449E+02, -1.808074E+02
   4.127314E+03,  3.458203E+02,  9.889100E+02, -1.804534E+02
   4.149006E+03,  3.456863E+02,  9.872973E+02, -1.801042E+02
   4.170813E+03,  3.455539E+02,  9.857064E+02, -1.797597E+02
   4.192734E+03,  3.454229E+02,  9.841371E+02, -1.794198E+02
   4.214770E+03,  3.452933E+02,  9.825889E+02, -1.790844E+02
   4.236922E+03,  3.451653E+02,  9.810616E+02, -1.787535E+02
   4.259191E+03,  3.450386E+02,  9.795548E+02, -1.784270E+02
   4.281577E+03,  3.449134E+02,  9.780681E+02, -1.781048E+02
   4.304080E+03,  3.447896E+02,  9.766013E+02, -1.777869E+02
   4.326701E+03,  3.446671E+02,  9.751540E+02, -1.774732E+02
   4.349442E+03,  3.445460E+02,  9.737259E+02, -1.771636E+02
   4.372302E+03,  3.444263E+02,  9.723168E+02, -1.768580E+02
   4.395282E+03,  3.443078E+02,  9.709262E+02, -1.765565E+02
   4.418383E+03,  3.441907E+02,  9.695540E+02, -1.762589E+02
   4.441605E+03,  3.440749E+02,  9.681998E+02, -1.759651E+02
   4.464950E+03,  3.439604E+02,  9.668634E+02, -1.756752E+02
   4.488417E+03,  3.438472E+02,  9.655445E+02, -1.753891E+02
   4.512007E+03,  3.437352E+02,  9.642427E+02, -1.751066E+02
   4.535721E+03,  3.436244E+02,  9.629580E+02, -1.748278E+02
   4.559560E+03,  3.435149E+02,  9.616899E+02, -1.745526E+02
   4.583525E+03,  3.434066E+02,  9.604382E+02, -1.742809E+02
   4.607615E+03,  3.432995E+02,  9.592028E+02, -1.740127E+02
   4.631832E+03,  3.431935E+02,  9.579833E+02, -1.737479E+02
   4.656176E+03,  3.430888E+02,  9.567794E+02, -1.734865E+02
   4.680648E+03,  3.429851E+02,  9.555911E+02, -1.732285E+02
   4.705249E+03,  3.428827E+02,  9.544179E+02, -1.729737E+02
   4.729979E+03,  3.427813E+02,  9.532598E+02, -1.727222E+02
   4.754839E+03,  3.426811E+02,  9.521165E+02, -1.724738E+02
   4.779830E+03,  3.425820E+02,  9.509877E+02, -1.722286E+02
   4.804952E+03,  3.424840E+02,  9.498733E+02, -1.719865E+02
   4.830206E+03,  3.423870E+02,  9.487730E+02, -1.717474E+02
   4.855593E+03,  3.422911E+02,  9.476866E+02, -1.715113E+02
   4.881113E+03,  3.421963E+02,  9.466139E+02, -1.712782E+02
   4.906767E+03,  3.421025E+02,  9.455548E+02, -1.710480E+02
   4.932556E+03,  3.420097E+02,  9.445090E+02, -1.708207E+02
   4.958481E+03,  3.419180E+02,  9.434763E+02, -1.705962E+02
   4.984542E+03,  3.418272E+02,  9.424566E+02, -1.703745E+02
   5.010740E+03,  3.417375E+02,  9.414496E+02, -1.701556E+02
   5.037076E+03,  3.416487E+02,  9.404552E+02, -1.699394E+02
   5.063550E+03,  3.415609E+02,  9.394732E+02, -1.697258E+02
   5.090163E+03,  3.414741E+02,  9.385034E+02, -1.695149E+02
   5.116916E+03,  3.413882E+02,  9.375456E+02, -1.693066E+02
   5.143810E+03,  3.413032E+02,  9.365997E+02, -1.691009E+02
   5.170845E+03,  3.412192E+02,  9.356655E+02, -1.688977E+02
   5.198022E+03,  3.411361E+02,  9.347428E+02, -1.686969E+02
   5.225342E+03,  3.410539E+02,  9.338316E+02, -1.684987E+02
   5.252806E+03,  3.409726E+02,  9.329315E+02, -1.683028E+02
   5.280413E+03,  3.408922E+02,  9.320424E+02, -1.681094E+02
   5.308166E+03,  3.408127E+02,  9.311643E+02, -1.679183E+02
   5.336065E+03,  3.407340E+02,  9.302970E+02, -1.677296E+02
   5.364111E+03,  3.406562E+02,  9.294402E+02, -1.675431E+02
   5.392304E+03,  3.405792E+02,  9.285939E+02, -1.673589E+02
   5.420645E+03,  3.405031E+02,  9.277578E+02, -1.671769E+02
   5.449135E+03,  3.404278E+02,  9.269320E+02, -1.669972E+02
   5.477775E+03,  3.403533E+02,  9.261162E+02, -1.668196E+02
   5.506565E+03,  3.402796E+02,  9.253102E+02, -1.666441E+02
   5.535507E+03,  3.402067E+02,  9.245141E+02, -1.664708E+02
   5.564600E+03,  3.401346E+02,  9.237275E+02, -1.662995E+02
   5.593847E+03,  3.400633E+02,  9.229505E+02, -1.661303E+02
   5.623247E+03,  3.399928E+02,  9.221827E+02, -1.659631E+02
   5.652802E+03,  3.399230E+02,  9.214243E+02, -1.657979E+02
   5.682513E+03,  3.398540E+02,  9.206749E+02, -1.656347E+02
   5.712379E+03,  3.397857E+02,  9.199345E+02, -1.654735E+02
   5.742402E+03,  3.397182E+02,  9.192030E+02, -1.653142E+02
   5.772583E+03,  3.396514E+02,  9.184803E+02, -1.651567E+02
   5.802923E+03,  3.395853E+02,  9.177662E+02, -1.650012E+02
   5.833422E+03,  3.395200E+02,  9.170605E+02, -1.648474E+02
   5.864082E+03,  3.394553E+02,  9.163633E+02, -1.646955E+02
   5.894903E+03,  3.393914E+02,  9.156744E+02, -1.645454E+02
   5.925885E+03,  3.393281E+02,  9.149937E+02, -1.643971E+02
   5.957031E+03,  3.392655E+02,  9.143210E+02, -1.642506E+02
   5.988340E+03,  3.392036E+02,  9.136563E+02, -1.641057E+02
   6.019814E+03,  3.391424E+02,  9.129995E+02, -1.639626E+02
   6.051453E+03,  3.390818E+02,  9.123504E+02, -1.638211E+02
   6.083259E+03,  3.390219E+02,  9.117090E+02, -1.636813E+02
   6.115231E+03,  3.389626E+02,  9.110751E+02, -1.635432E+02
   6.147372E+03,  3.389040E+02,  9.104487E+02, -1.634067E+02
   6.179681E+03,  3.388460E+02,  9.098297E+02, -1.632717E+02
   6.212161E+03,  3.387886E+02,  9.092179E+02, -1.631384E+02
   6.244811E+03,  3.387318E+02,  9.086133E+02, -1.630066E+02
   6.277633E+03,  3.386757E+02,  9.080157E+02, -1.628763E+02
   6.310627E+03,  3.386201E+02,  9.074252E+02, -1.627476E+02
   6.343795E+03,  3.385652E+02,  9.068416E+02, -1.626203E+02
   6.377137E+03,  3.385108E+02,  9.062647E+02, -1.624945E+02
   6.410654E+03,  3.384570E+02,  9.056946E+02, -1.623702E+02
   6.444347E+03,  3.384038E+02,  9.051311E+02, -1.622474E+02
   6.478218E+03,  3.383512E+02,  9.045742E+02, -1.621259E+02
   6.512266E+03,  3.382991E+02,  9.040238E+02, -1.620059E+02
   6.546494E+03,  3.382476E+02,  9.034797E+02, -1.618872E+02
   6.580901E+03,  3.381967E+02,  9.029419E+02, -1.617700E+02
   6.615489E+03,  3.381463E+02,  9.024104E+02, -1.616540E+02
   6.650259E+03,  3.380964E+02,  9.018850E+02, -1.615395E+02
   6.685212E+03,  3.380471E+02,  9.013656E+02, -1.614262E+02
   6.720348E+03,  3.379983E+02,  9.008523E+02, -1.613142E+02
   6.755669E+03,  3.379500E+02,  9.003449E+02, -1.612035E+02
   6.791176E+03,  3.379022E+02,  8.998433E+02, -1.610941E+02
   6.826869E+03,  3.378550E+02,  8.993475E+02, -1.609860E+02
   6.862750E+03,  3.378082E+02,  8.988573E+02, -1.608790E+02
   6.898820E+03,  3.377620E+02,  8.983729E+02, -1.607734E+02
   6.935079E+03,  3.377163E+02,  8.978939E+02, -1.606689E+02
   6.971529E+03,  3.376710E+02,  8.974205E+02, -1.605656E+02
   7.008170E+03,  3.376262E+02,  8.969524E+02, -1.604635E+02
   7.045004E+03,  3.375819E+02,  8.964898E+02, -1.603625E+02
   7.082031E+03,  3.375381E+02,  8.960324E+02, -1.602627E+02
   7.119253E+03,  3.374947E+02,  8.955802E+02, -1.601640E+02
   7.156671E+03,  3.374518E+02,  8.951332E+02, -1.600665E+02
   7.194285E+03,  3.374094E+02,  8.946912E+02, -1.599701E+02
   7.232097E+03,  3.373674E+02,  8.942543E+02, -1.598747E+02
   7.270108E+03,  3.373259E+02,  8.938224E+02, -1.597805E+02
   7.308318E+03,  3.372848E+02,  8.933953E+02, -1.596873E+02
   7.346730E+03,  3.372441E+02,  8.929732E+02, -1.595951E+02
   7.385343E+03,  3.372039E+02,  8.925558E+02, -1.595040E+02
   7.424159E+03,  3.371641E+02,  8.921431E+02, -1.594140E+02
   7.463179E+03,  3.371248E+02,  8.917351E+02, -1.593249E+02
   7.502405E+03,  3.370858E+02,  8.913317E+02, -1.592369E+02
   7.541836E+03,  3.370473E+02,  8.909329E+02, -1.591498E+02
   7.581475E+03,  3.370092E+02,  8.905386E+02, -1.590637E+02
   7.621322E+03,  3.369715E+02,  8.901487E+02, -1.589786E+02
   7.661378E+03,  3.369342E+02,  8.897632E+02, -1.588945E+02
   7.701645E+03,  3.368972E+02,  8.893821E+02, -1.588113E+02
   7.742124E+03,  3.368607E+02,  8.890052E+02, -1.587290E+02
   7.782815E+03,  3.368246E+02,  8.886326E+02, -1.586477E+02
   7.823721E+03,  3.367888E+02,  8.882642E+02, -1.585673E+02
   7.864841E+03,  3.367535E+02,  8.878999E+02, -1.584877E+02
   7.906177E+03,  3.367185E+02,  8.875397E+02, -1.584091E+02
   7.947731E+03,  3.366839E+02,  8.871835E+02, -1.583313E+02
   7.989503E+03,  3.366496E+02,  8.868313E+02, -1.582544E+02
   8.031494E+03,  3.366157E+02,  8.864831E+02, -1.581784E+02
   8.073707E+03,  3.365822E+02,  8.861388E+02, -1.581032E+02
   8.116141E+03,  3.365490E+02,  8.857983E+02, -1.580289E+02
   8.158798E+03,  3.365162E+02,  8.854616E+02, -1.579553E+02
   8.201679E+03,  3.364837E+02,  8.851287E+02, -1.578826E+02
   8.244786E+03,  3.364516E+02,  8.847994E+02, -1.578108E+02
   8.288119E+03,  3.364198E+02,  8.844739E+02, -1.577397E+02
   8.331680E+03,  3.363884E+02,  8.841520E+02, -1.576694E+02
   8.375470E+03,  3.363573E+02,  8.838336E+02, -1.575999E+02
   8.419490E+03,  3.363265E+02,  8.835188E+02, -1.575311E+02
   8.463742E+03,  3.362960E+02,  8.832075E+02, -1.574631E+02
   8.508226E+03,  3.362659E+02,  8.828997E+02, -1.573959E+02
   8.552944E+03,  3.362361E+02,  8.825953E+02, -1.573294E+02
   8.597897E+03,  3.362066E+02,  8.822942E+02, -1.572637E+02
   8.643086E+03,  3.361774E+02,  8.819965E+02, -1.571986E+02
   8.688513E+03,  3.361485E+02,  8.817021E+02, -1.571343E+02
   8.734178E+03,  3.361199E+02,  8.814109E+02, -1.570707E+02
   8.780084E+03,  3.360917E+02,  8.811230E+02, -1.570078E+02
   8.826230E+03,  3.360637E+02,  8.808382E+02, -1.569456E+02
   8.872620E+03,  3.360360E+02,  8.805566E+02, -1.568841E+02
   8.919253E+03,  3.360086E+02,  8.802782E+02, -1.568233E+02
   8.966131E+03,  3.359816E+02,  8.800027E+02, -1.567631E+02
   9.013255E+03,  3.359548E+02,  8.797304E+02, -1.567036E+02
   9.060628E+03,  3.359282E+02,  8.794610E+02, -1.566448E+02
   9.108249E+03,  3.359020E+02,  8.791946E+02, -1.565866E+02
   9.156120E+03,  3.358760E+02,  8.789311E+02, -1.565291E+02
   9.204244E+03,  3.358504E+02,  8.786705E+02, -1.564721E+02
   9.252620E+03,  3.358249E+02,  8.784128E+02, -1.564158E+02
   9.301250E+03,  3.357998E+02,  8.781579E+02, -1.563601E+02
   9.350136E+03,  3.357749E+02,  8.779059E+02, -1.563051E+02
   9.399279E+03,  3.357503E+02,  8.776566E+02, -1.562506E+02
   9.448680E+03,  3.357260E+02,  8.774100E+02, -1.561967E+02
   9.498340E+03,  3.357019E+02,  8.771661E+02, -1.561435E+02
   9.548262E+03,  3.356780E+02,  8.769249E+02, -1.560908E+02
   9.598446E+03,  3.356544E+02,  8.766864E+02, -1.560386E+02
   9.648894E+03,  3.356311E+02,  8.764504E+02, -1.559871E+02
   9.699607E+03,  3.356080E+02,  8.762171E+02, -1.559361E+02
   9.750587E+03,  3.355851E+02,  8.759863E+02, -1.558857E+02
   9.801835E+03,  3.355625E+02,  8.757580E+02, -1.558358E+02
   9.853351E+03,  3.355402E+02,  8.755322E+02, -1.557865E+02
   9.905139E+03,  3.355180E+02,  8.753089E+02, -1.557377E+02
   9.957199E+03,  3.354961E+02,  8.750880E+02, -1.556894E+02
   1.000953E+04,  3.354745E+02,  8.748696E+02, -1.556417E+02
   1.006214E+04,  3.354530E+02,  8.746535E+02, -1.555945E+02
   1.011503E+04,  3.354318E+02,  8.744398E+02, -1.555478E+02
   1.016819E+04,  3.354108E+02,  8.742284E+02, -1.555016E+02
   1.022163E+04,  3.353900E+02,  8.740193E+02, -1.554559E+02
   1.027535E+04,  3.353695E+02,  8.738125E+02, -1.554107E+02
   1.032936E+04,  3.353492E+02,  8.736079E+02, -1.553660E+02
   1.038365E+04,  3.353290E+02,  8.734056E+02, -1.553218E+02
   1.043822E+04,  3.353091E+02,  8.732054E+02, -1.552780E+02
   1.049309E+04,  3.352894E+02,  8.730074E+02, -1.552348E+02
   1.054824E+04,  3.352699E+02,  8.728116E+02, -1.551920E+02
   1.060368E+04,  3.352507E+02,  8.726179E+02, -1.551496E+02
   1.065941E+04,  3.352316E+02,  8.724264E+02, -1.551078E+02
   1.071543E+04,  3.352127E+02,  8.722369E+02, -1.550664E+02
   1.077175E+04,  3.351940E+02,  8.720494E+02, -1.550254E+02
   1.082836E+04,  3.351755E+02,  8.718640E+02, -1.549849E+02
   1.088528E+04,  3.351573E+02,  8.716806E+02, -1.549448E+02
   1.094249E+04,  3.351392E+02,  8.714992E+02, -1.549051E+02
   1.100000E+04,  3.351213E+02,  8.713197E+02, -1.548659E+02
