# n, l, j, Dipole Matrix Element (Cm), Resonant Wavlength (m), Linewidth (rad/s), Magnetic Dipole Constant (Hz)
4,1,0.5,2.4567915305247856e-29,7.701096328391032e-07,3.742265168956162e7,1.270069352e8
5,1,0.5,1.6486521983755884e-30,4.0483481978580963e-07,0.0,0
6,1,0.5,5.035883078674525e-31,3.448361795142991e-07,0.0,0
7,1,0.5,2.338088572241743e-31,3.2185487507273836e-07,0.0,0
8,1,0.5,-2.3510477129860015e-31,3.102945492846321e-07,0.0,0
9,1,0.5,1.6715128479379886e-31,3.0358030624312526e-07,0.0,0
10,1,0.5,-1.271089404002062e-31,2.9930944704398987e-07,0.0,0
11,1,0.5,1.011741052907545e-31,2.96414797369745e-07,0.0,0
12,1,0.5,-8.321191849767608e-32,2.9435820409499506e-07,0.0,0
13,1,0.5,7.01376396823982e-32,2.928426383304122e-07,0.0,0
14,1,0.5,-6.025130001026608e-32,2.9169261648659925e-07,0.0,0
15,1,0.5,5.254735761919954e-32,2.9079878347375534e-07,0.0,0
16,1,0.5,-4.639662138637695e-32,2.9008999320473586e-07,0.0,0
17,1,0.5,4.1386985373756746e-32,2.8951828063261124e-07,0.0,0
18,1,0.5,-3.72381313403652e-32,2.8905032518984457e-07,0.0,0
19,1,0.5,3.3753234649651445e-32,2.8866237937909705e-07,0.0,0
20,1,0.5,-3.079031348096568e-32,2.8833713943474405e-07,0.0,0
21,1,0.5,2.8244541527334365e-32,2.880617503948984e-07,0.0,0
22,1,0.5,-2.603694847851752e-32,2.8782649782633173e-07,0.0,0
23,1,0.5,2.4106982471301463e-32,2.8762392826464034e-07,0.0,0
24,1,0.5,-2.240748490550404e-32,2.8744824472372415e-07,0.0,0
25,1,0.5,2.0901215752777694e-32,2.872948830134676e-07,0.0,0
26,1,0.5,-1.9558400824421454e-32,2.871602095020897e-07,0.0,0
27,1,0.5,1.8354968300727718e-32,2.870413020507156e-07,0.0,0
28,1,0.5,-1.7271259597226144e-32,2.869357889190779e-07,0.0,0
29,1,0.5,1.6291072683814764e-32,2.8684172872803907e-07,0.0,0
30,1,0.5,-1.5400942396824022e-32,2.8675751992725386e-07,0.0,0
31,1,0.5,1.4589592278989173e-32,2.866818317522046e-07,0.0,0
32,1,0.5,-1.3847512178931378e-32,2.8661355102660124e-07,0.0,0
33,1,0.5,1.3166629463181313e-32,2.8655174078227537e-07,0.0,0
34,1,0.5,-1.2540050471181755e-32,2.864956077860682e-07,0.0,0
35,1,0.5,1.1961855500007057e-32,2.864444768461982e-07,0.0,0
36,1,0.5,-1.142693477068529e-32,2.8639777032614975e-07,0.0,0
37,1,0.5,1.0930856313444635e-32,2.863549916929235e-07,0.0,0
38,1,0.5,-1.046975856367891e-32,2.8631571221587534e-07,0.0,0
39,1,0.5,1.0040262745697785e-32,2.8627956014450905e-07,0.0,0
40,1,0.5,-9.63940069293376e-33,2.8624621185057993e-07,0.0,0
41,1,0.5,9.264555176295455e-33,2.862153845370961e-07,0.0,0
4,1,1.5,3.473560304504784e-29,7.667017797571291e-07,3.791902332882881e7,0
5,1,1.5,2.4340101546926866e-30,4.045280209140797e-07,0.0,0
6,1,1.5,7.673726596075463e-31,3.4473570411622974e-07,0.0,0
7,1,1.5,3.6570103309422136e-31,3.218083163705899e-07,0.0,0
8,1,1.5,-3.591836751083572e-31,3.1026883324151396e-07,0.0,0
9,1,1.5,2.571638458433168e-31,3.035644948945753e-07,0.0,0
10,1,1.5,-1.9657072793788514e-31,2.992989913883706e-07,0.0,0
11,1,1.5,1.5707207292815836e-31,2.964075070676307e-07,0.0,0
12,1,1.5,-1.295715544294765e-31,2.943529109162628e-07,0.0,0
13,1,1.5,1.0946803772062742e-31,2.9283867011699443e-07,0.0,0
14,1,1.5,-9.421224395385744e-32,2.916895631345579e-07,0.0,0
15,1,1.5,8.228897032484159e-32,2.907963827537005e-07,0.0,0
16,1,1.5,-7.274601354478056e-32,2.9008807087257407e-07,0.0,0
17,1,1.5,6.49572884948374e-32,2.895167171282385e-07,0.0,0
18,1,1.5,-5.849545531871701e-32,2.890490362055839e-07,0.0,0
19,1,1.5,5.30595339926448e-32,2.8866130405200783e-07,0.0,0
20,1,1.5,-4.8431811762725225e-32,2.883362329187424e-07,0.0,0
21,1,1.5,4.445115471347562e-32,2.880609790459589e-07,0.0,0
22,1,1.5,-4.0995906634254603e-32,2.878258359986484e-07,0.0,0
23,1,1.5,3.797260173524349e-32,2.8762335612887334e-07,0.0,0
24,1,1.5,-3.530831893635004e-32,2.874477467503893e-07,0.0,0
25,1,1.5,3.2945382464253563e-32,2.872944468990836e-07,0.0,0
26,1,1.5,-3.083761312256159e-32,2.871598253960905e-07,0.0,0
27,1,1.5,2.894762753940268e-32,2.8704096199045e-07,0.0,0
28,1,1.5,-2.724486017162233e-32,2.869354864111879e-07,0.0,0
29,1,1.5,2.570409286106124e-32,2.868414584343795e-07,0.0,0
30,1,1.5,-2.430434701247194e-32,2.8675727742651754e-07,0.0,0
31,1,1.5,2.3028038358436994e-32,2.866816133570749e-07,0.0,0
32,1,1.5,-2.186032502700514e-32,2.8661335364211295e-07,0.0,0
33,1,1.5,2.0788599152631663e-32,2.86551561795094e-07,0.0,0
34,1,1.5,-1.9802086886470997e-32,2.8649544497720144e-07,0.0,0
35,1,1.5,1.8891530715894853e-32,2.86444328321635e-07,0.0,0
36,1,1.5,-1.8048935140150411e-32,2.863976344613361e-07,0.0,0
37,1,1.5,1.7267361467077508e-32,2.863548670880061e-07,0.0,0
38,1,1.5,-1.6540761134326928e-32,2.863155976593892e-07,0.0,0
39,1,1.5,1.5863839306442962e-32,2.8627945458373564e-07,0.0,0
40,1,1.5,-1.5231942645181285e-32,2.8624611436721e-07,0.0,0
41,1,1.5,1.4640966371797394e-32,2.8621529432713954e-07,0.0,0
