# n, l, j, Dipole Matrix Element (Cm), Resonant Wavlength (m), Linewidth (rad/s), Magnetic Dipole Constant (Hz)
6,0,0.5,3.8059313942985517e-29,-8.9459299165433006e-07,2.8514051343518674e+07,2.9192e+08
7,0,0.5,3.5973639799529416e-29,1.3592016191828425e-06,7.2632435137928771e+06,0
8,0,0.5,8.8572869444272584e-30,7.6109983567545651e-07,2.5077834704232309e+06,0
9,0,0.5,4.7205991496980794e-30,6.3563113485076092e-07,1.2229036828729380e+06,0
10,0,0.5,3.1317277627374565e-30,5.8404525902532152e-07,6.9381228750029393e+05,0
11,0,0.5,2.3024868785612509e-30,5.5699562462340887e-07,4.3236692873380054e+05,0
12,0,0.5,1.7972741452632046e-30,5.4081721663114220e-07,2.8779988664935401e+05,0
13,0,0.5,1.4593020648475948e-30,5.3029240775111125e-07,2.0126008742226500e+05,0
14,0,0.5,1.2185722903040511e-30,5.2302958478870622e-07,1.4626395822843449e+05,0
15,0,0.5,1.0391983740188454e-30,5.1779249785415516e-07,1.0963346662718392e+05,0
16,0,0.5,9.0091430304443988e-31,5.1388478002638679e-07,8.4291384899515935e+04,0
17,0,0.5,7.9142678269898120e-31,5.1088787724092541e-07,6.6200029776068826e+04,0
18,0,0.5,7.0285633438356876e-31,5.0853706463905445e-07,5.2939371587541522e+04,0
19,0,0.5,6.2992651173434550e-31,5.0665786806777185e-07,4.2998062908694701e+04,0
20,0,0.5,5.6897571970857378e-31,5.0513130912248563e-07,3.5398763747304954e+04,0
21,0,0.5,5.1738660493281564e-31,5.0387389042845097e-07,2.9490238711035981e+04,0
22,0,0.5,4.7324086389789127e-31,5.0282555857430818e-07,2.4827096588465407e+04,0
23,0,0.5,4.3510210234152589e-31,5.0194219397354279e-07,0.0000000000000000e+00,0
24,0,0.5,4.0187462770109292e-31,5.0119077490939941e-07,0.0000000000000000e+00,0
25,0,0.5,3.7270895251277173e-31,5.0054617693261611e-07,0.0000000000000000e+00,0
26,0,0.5,3.4693695889575087e-31,4.9998900294275085e-07,0.0000000000000000e+00,0
27,0,0.5,3.2402642709963962e-31,4.9950408031683100e-07,0.0000000000000000e+00,0
28,0,0.5,3.0354851855203060e-31,4.9907940002051370e-07,0.0000000000000000e+00,0
29,0,0.5,2.8515411533872002e-31,4.9870535479724322e-07,0.0000000000000000e+00,0
30,0,0.5,2.6855633340500451e-31,4.9837418359946810e-07,0.0000000000000000e+00,0
31,0,0.5,2.5351741499668913e-31,4.9807956069729840e-07,0.0000000000000000e+00,0
32,0,0.5,2.3983877711316016e-31,4.9781628786891268e-07,0.0000000000000000e+00,0
33,0,0.5,2.2735336722414084e-31,4.9758006108754318e-07,0.0000000000000000e+00,0
34,0,0.5,2.1591972816761653e-31,4.9736729175342176e-07,0.0000000000000000e+00,0
35,0,0.5,2.0541734439314413e-31,4.9717496834502142e-07,0.0000000000000000e+00,0
36,0,0.5,1.9574295970463580e-31,4.9700054835636989e-07,0.0000000000000000e+00,0
37,0,0.5,1.8680763892520019e-31,4.9684187316232159e-07,0.0000000000000000e+00,0
38,0,0.5,1.7853440490309913e-31,4.9669710040820488e-07,0.0000000000000000e+00,0
39,0,0.5,1.7085632422804049e-31,4.9656464991374190e-07,0.0000000000000000e+00,0
40,0,0.5,1.6371494592410981e-31,4.9644316008600115e-07,0.0000000000000000e+00,0
41,0,0.5,1.5705901984072753e-31,4.9633145256849175e-07,0.0000000000000000e+00,0
5,2,1.5,5.9484104839382130e-29,3.0111516544485681e-06,9.1324534914439078e+05,0
6,2,1.5,3.6164466087485447e-29,8.7638175926802853e-07,1.3692023056744019e+07,0
7,2,1.5,1.7693380761168768e-29,6.7251460749595723e-07,7.2527043919513086e+06,0
8,2,1.5,1.1177548545565989e-29,6.0121549171492009e-07,4.0512228807593817e+06,0
9,2,1.5,7.9776074846940647e-30,5.6655904906094286e-07,2.4660011938019330e+06,0
10,2,1.5,6.1057870388194380e-30,5.4674635717023966e-07,1.6073450099460853e+06,0
11,2,1.5,4.8888553193473220e-30,5.3424314623594423e-07,1.1045388278883700e+06,0
12,2,1.5,4.0400691432857782e-30,5.2580312457863967e-07,7.9120970076794014e+05,0
13,2,1.5,3.4176708340721118e-30,5.1981854407278524e-07,5.8598790787138999e+05,0
14,2,1.5,2.9438615237683540e-30,5.1541195903598783e-07,4.4602045508555218e+05,0
15,2,1.5,2.5725181259230703e-30,5.1206870910495260e-07,3.4730870402532880e+05,0
16,2,1.5,2.2746261956403077e-30,5.0946957875384918e-07,2.7570763823636679e+05,0
17,2,1.5,2.0310561976525497e-30,5.0740751985259590e-07,2.2251366034287214e+05,0
18,2,1.5,1.8287059279922535e-30,5.0574321708749114e-07,1.8217175419517371e+05,0
19,2,1.5,1.6583138191319272e-30,5.0438000585984928e-07,1.5102308862667822e+05,0
20,2,1.5,1.5131569860956481e-30,5.0324903968814007e-07,1.2659093437539833e+05,0
21,2,1.5,1.3882434901813918e-30,5.0230016825078064e-07,1.0715805339640389e+05,0
22,2,1.5,1.2797933894472983e-30,5.0149613634994218e-07,9.1508291322826277e+04,0
23,2,1.5,1.1848951476999257e-30,5.0080878625970648e-07,0.0000000000000000e+00,0
24,2,1.5,1.1012721190550148e-30,5.0021650771906432e-07,0.0000000000000000e+00,0
25,2,1.5,1.0271201588823008e-30,4.9970248689857233e-07,0.0000000000000000e+00,0
26,2,1.5,9.6099237972512495e-31,4.9925347979798820e-07,0.0000000000000000e+00,0
27,2,1.5,9.0171587124842485e-31,4.9885893752330332e-07,0.0000000000000000e+00,0
28,2,1.5,8.4833053330903384e-31,4.9851037237065210e-07,0.0000000000000000e+00,0
29,2,1.5,8.0004348765296244e-31,4.9820089166710600e-07,0.0000000000000000e+00,0
30,2,1.5,7.5619464582699561e-31,4.9792485038336761e-07,0.0000000000000000e+00,0
31,2,1.5,7.1623038655699326e-31,4.9767758908614223e-07,0.0000000000000000e+00,0
32,2,1.5,6.7968320813865523e-31,4.9745523404237730e-07,0.0000000000000000e+00,0
33,2,1.5,6.4615583893149056e-31,4.9725454315367205e-07,0.0000000000000000e+00,0
34,2,1.5,6.1530871178180322e-31,4.9707278607500364e-07,0.0000000000000000e+00,0
35,2,1.5,5.8685000444443585e-31,4.9690765010328780e-07,0.0000000000000000e+00,0
36,2,1.5,5.6052765588663356e-31,4.9675716568495044e-07,0.0000000000000000e+00,0
37,2,1.5,5.3612291859053632e-31,4.9661964699751930e-07,0.0000000000000000e+00,0
38,2,1.5,5.1344511465119230e-31,4.9649364421284578e-07,0.0000000000000000e+00,0
39,2,1.5,4.9232734278899119e-31,4.9637790488592375e-07,0.0000000000000000e+00,0
40,2,1.5,4.7262294256404272e-31,4.9627134252639914e-07,0.0000000000000000e+00,0
41,2,1.5,4.5420256500137781e-31,4.9617301086364309e-07,0.0000000000000000e+00,0
