# n, l, j, Dipole Matrix Element (Cm), Resonant Wavlength (m), Linewidth (rad/s), Magnetic Dipole Constant (Hz), Electric Quadrupole Constant (Hz)
6,0,0.5,5.3617086517139759e-29,-8.5234706549690566e-07,6.5429033152363956e+07,5.0275e+07,-5.3e+05
7,0,0.5,5.4854925642930771e-29,1.4698921981061910e-06,1.3353290530386005e+07,0,0
8,0,0.5,1.2386869608086844e-29,7.9460684442551508e-07,4.3100242950240476e+06,0,0
9,0,0.5,6.5283296360211281e-30,6.5883314062463967e-07,2.1003483533859560e+06,0,0
10,0,0.5,4.3154802399152656e-30,6.0357606748463301e-07,1.1936464817683189e+06,0,0
11,0,0.5,3.2302514173039616e-30,5.7473180140487448e-07,7.7462312352522893e+05,0,0
12,0,0.5,2.5180700024652925e-30,5.5752268141648680e-07,5.1565765456530947e+05,0,0
13,0,0.5,2.0432823925728468e-30,5.4634419247050284e-07,3.6080394988067256e+05,0,0
14,0,0.5,1.8567586886865289e-30,5.3863841903160348e-07,3.1090838904521719e+05,0,0
15,0,0.5,1.9839339413362914e-30,5.3308569725743409e-07,3.6616498699912144e+05,0,0
16,0,0.5,2.1280658943393550e-30,5.2894464435613424e-07,4.3127368681769277e+05,0,0
17,0,0.5,2.1958926957525613e-30,5.2577009545881853e-07,4.6757154852375301e+05,0,0
18,0,0.5,2.0263256922195453e-30,5.2328048723692727e-07,4.0385770358668058e+05,0,0
19,0,0.5,3.1878596664207070e-30,5.2129109207356044e-07,1.0110461270466206e+06,0,0
20,0,0.5,1.8058885876266238e-30,5.1967516145008078e-07,3.2749111285250023e+05,0,0
21,0,0.5,2.9589442116511351e-30,5.1834446996427049e-07,8.8599574526235054e+05,0,0
22,0,0.5,4.0017812833791851e-30,5.1723504763993410e-07,1.6310089863445715e+06,0,0
23,0,0.5,4.9004864021041711e-30,5.1630037736394584e-07,0.0000000000000000e+00,0,0
24,0,0.5,2.2043710459292119e-31,5.1550537053495020e-07,0.0000000000000000e+00,0,0
25,0,0.5,3.9339544819659789e-30,5.1482357253580995e-07,0.0000000000000000e+00,0,0
26,0,0.5,2.7554638074115156e-30,1.5991326304612376e-07,0.0000000000000000e+00,0,0
27,0,0.5,1.7889318872733223e-30,9.7750286921529684e-08,0.0000000000000000e+00,0,0
28,0,0.5,1.1191422233179078e-30,5.7878981878611681e-08,0.0000000000000000e+00,0,0
29,0,0.5,6.8674636430871620e-31,3.3696867495391700e-08,0.0000000000000000e+00,0,0
30,0,0.5,4.0696080847923916e-31,1.9457653326454144e-08,0.0000000000000000e+00,0,0
31,0,0.5,2.2891545476957207e-31,1.1193043067057668e-08,0.0000000000000000e+00,0,0
32,0,0.5,1.2717525264976225e-31,6.4256545439989600e-09,0.0000000000000000e+00,0,0
33,0,0.5,6.7826801413206541e-32,3.6803678677842859e-09,0.0000000000000000e+00,0,0
34,0,0.5,3.3913400706603271e-32,2.0999806278887056e-09,0.0000000000000000e+00,0,0
35,0,0.5,1.6956700353301635e-32,1.1939045884151887e-09,0.0000000000000000e+00,0,0
36,0,0.5,8.4783501766508177e-33,6.7838634754964943e-10,0.0000000000000000e+00,0,0
37,0,0.5,0.0000000000000000e+00,5.2467208324029215e-10,0.0000000000000000e+00,0,0
38,0,0.5,8.4783501766508177e-33,3.8639703623365061e-10,0.0000000000000000e+00,0,0
39,0,0.5,0.0000000000000000e+00,2.2124806360569606e-10,0.0000000000000000e+00,0,0
40,0,0.5,0.0000000000000000e+00,1.2790145131374295e-10,0.0000000000000000e+00,0,0
5,2,1.5,2.6842456659276483e-29,3.6140877139088156e-06,1.0755533329990401e+05,0,0
6,2,1.5,1.7804535370966715e-29,9.2110632238168619e-07,2.8583505842092047e+06,0,0
7,2,1.5,8.2748697724111968e-30,6.9854256080114438e-07,1.4155565214552961e+06,0,0
8,2,1.5,5.1463585572270453e-30,6.2193193203776616e-07,7.7580935302293359e+05,0,0
9,2,1.5,3.3150349190704695e-30,5.8491948875697002e-07,3.8696477639814862e+05,0,0
10,2,1.5,2.5774184537018480e-30,5.6382562452145296e-07,2.6116738088430531e+05,0,0
11,2,1.5,2.0856741434561008e-30,5.5053861945834708e-07,1.8370164324862795e+05,0,0
12,2,1.5,1.7889318872733223e-30,5.4158008155112875e-07,1.4196557835974233e+05,0,0
13,2,1.5,1.8228452879799257e-30,5.3523334032704895e-07,1.5270513464490339e+05,0,0
14,2,1.5,1.9839339413362914e-30,5.3056252361003234e-07,1.8570696802779107e+05,0,0
15,2,1.5,2.1026308438094023e-30,5.2702061019500277e-07,2.1282701729506176e+05,0,0
16,2,1.5,2.1704576452226093e-30,5.2426783375676697e-07,2.3037030024985570e+05,0,0
17,2,1.5,2.2806761975190699e-30,5.2208443253859904e-07,2.5756599468099728e+05,0,0
18,2,1.5,1.7295834360367668e-30,5.2032276661858871e-07,1.4964011866722867e+05,0,0
19,2,1.5,3.3659050201303742e-30,5.1887996645959900e-07,5.7146087150742940e+05,0,0
20,2,1.5,1.0174020211980979e-31,5.1768328447265928e-07,5.2574634339927707e+02,0,0
21,2,1.5,4.0865647851456937e-30,5.1667917891411597e-07,8.5317356303379429e+05,0,0
22,2,1.5,1.7804535370966716e-31,5.1582845402601533e-07,1.6275296159032362e+03,0,0
23,2,1.5,4.1628699367355508e-30,5.1510122254124149e-07,0.0000000000000000e+00,0,0
24,2,1.5,3.7135173773730578e-30,5.1447474700704307e-07,0.0000000000000000e+00,0,0
25,2,1.5,2.9165524607678805e-30,5.1393086704762646e-07,0.0000000000000000e+00,0,0
26,2,1.5,2.3739380494622285e-31,2.3804978192259476e-07,0.0000000000000000e+00,0,0
27,2,1.5,2.0687174431027992e-30,1.7919191256724849e-07,0.0000000000000000e+00,0,0
28,2,1.5,1.3395793279108291e-30,1.2894266371044120e-07,0.0000000000000000e+00,0,0
29,2,1.5,8.0544326678182754e-31,9.0560933516592445e-08,0.0000000000000000e+00,0,0
30,2,1.5,4.4935255936249326e-31,6.2525834893405017e-08,0.0000000000000000e+00,0,0
31,2,1.5,2.2891545476957207e-31,4.2678158585977007e-08,0.0000000000000000e+00,0,0
32,2,1.5,9.3261851943158972e-32,2.8917773439019312e-08,0.0000000000000000e+00,0,0
33,2,1.5,1.6956700353301635e-32,1.9504477438088452e-08,0.0000000000000000e+00,0,0
34,2,1.5,1.6956700353301635e-32,1.3118201991949124e-08,0.0000000000000000e+00,0,0
35,2,1.5,3.3913400706603271e-32,8.8080141725175890e-09,0.0000000000000000e+00,0,0
36,2,1.5,3.3913400706603271e-32,5.9087731862992643e-09,0.0000000000000000e+00,0,0
37,2,1.5,3.3913400706603271e-32,3.9626030290161332e-09,0.0000000000000000e+00,0,0
38,2,1.5,2.5435050529952448e-32,2.6573272667721059e-09,0.0000000000000000e+00,0,0
39,2,1.5,1.6956700353301635e-32,1.7818699998288869e-09,0.0000000000000000e+00,0,0
40,2,1.5,1.6956700353301635e-32,1.1946849389363495e-09,0.0000000000000000e+00,0,0
41,2,1.5,8.4783501766508177e-33,8.0118962622652396e-10,0.0000000000000000e+00,0,0
42,2,1.5,8.4783501766508177e-33,5.3786136035984549e-10,0.0000000000000000e+00,0,0
5,2,2.5,8.1307378194081332e-29,3.4909740864993551e-06,7.2998220871264103e+05,0,0
6,2,2.5,5.2141853586402531e-29,9.1748337978857524e-07,1.6537526406459944e+07,0,0
7,2,2.5,2.4502432010520863e-29,6.9752226142297327e-07,8.3106770068011982e+06,0,0
8,2,2.5,1.5345813819737977e-29,6.2148202332173436e-07,4.6087841980925528e+06,0,0
9,2,2.5,9.9111913565048053e-30,5.8467633487454003e-07,2.3088589965597554e+06,0,0
10,2,2.5,7.7068203105755914e-30,5.6367784007670537e-07,1.5579367348075863e+06,0,0
11,2,2.5,6.2315873798383500e-30,5.5044134386951468e-07,1.0938467356319132e+06,0,0
12,2,2.5,5.3413606112900148e-30,5.4151262888677456e-07,8.4405406701955583e+05,0,0
13,2,2.5,5.4431008134098242e-30,5.3518435763159507e-07,9.0797681353259226e+05,0,0
14,2,2.5,5.9263667734789210e-30,5.3052593157700952e-07,1.1049673307507683e+06,0,0
15,2,2.5,6.2824574808982554e-30,5.2699255886506892e-07,1.2668870687198085e+06,0,0
16,2,2.5,6.4944162353145264e-30,5.2424584613803807e-07,1.3752051230888579e+06,0,0
17,2,2.5,6.7657234409673515e-30,5.2206698850356294e-07,1.5112698602005739e+06,0,0
18,2,2.5,6.3163708816048585e-30,5.2030841801786420e-07,1.3305920514606137e+06,0,0
19,2,2.5,7.6559502095156881e-30,5.1886812032759253e-07,1.9711490845087052e+06,0,0
20,2,2.5,7.1218141483866859e-30,5.1767310082563687e-07,1.7175394132411422e+06,0,0
21,2,2.5,1.2191867554023872e-29,5.1667063641938979e-07,5.0628069496156918e+06,0,0
22,2,2.5,1.1021855229646061e-30,5.1582126999323250e-07,4.1581859035569338e+04,0,0
23,2,2.5,1.2344477857203589e-29,5.1509512004034231e-07,0.0000000000000000e+00,0,0
24,2,2.5,1.0920115027526251e-29,5.1446945337620582e-07,0.0000000000000000e+00,0,0
25,2,2.5,1.2632741763209717e-30,5.1392637696294182e-07,0.0000000000000000e+00,0,0
26,2,2.5,8.4613934762975155e-30,2.3377737007004434e-07,0.0000000000000000e+00,0,0
27,2,2.5,6.0450636759520320e-30,1.7325614656499763e-07,0.0000000000000000e+00,0,0
28,2,2.5,3.9169977816126773e-30,1.2434145656069044e-07,0.0000000000000000e+00,0,0
29,2,2.5,2.3739380494622289e-30,8.7161244554492299e-08,0.0000000000000000e+00,0,0
30,2,2.5,1.3395793279108291e-30,6.0099480265704609e-08,0.0000000000000000e+00,0,0
31,2,2.5,6.8674636430871620e-31,4.0986648640192103e-08,0.0000000000000000e+00,0,0
32,2,2.5,2.9674225618277861e-31,2.7755504756197172e-08,0.0000000000000000e+00,0,0
33,2,2.5,6.7826801413206541e-32,1.8712214542126429e-08,0.0000000000000000e+00,0,0
34,2,2.5,4.2391750883254083e-32,1.2580281221870886e-08,0.0000000000000000e+00,0,0
35,2,2.5,8.4783501766508166e-32,8.4433809124321016e-09,0.0000000000000000e+00,0,0
36,2,2.5,9.3261851943158972e-32,5.6615790339816411e-09,0.0000000000000000e+00,0,0
37,2,2.5,8.4783501766508166e-32,3.7947385108115654e-09,0.0000000000000000e+00,0,0
38,2,2.5,6.7826801413206541e-32,2.5430502227827704e-09,0.0000000000000000e+00,0,0
39,2,2.5,5.0870101059904895e-32,1.7039549692821306e-09,0.0000000000000000e+00,0,0
40,2,2.5,4.2391750883254083e-32,1.1415956874505947e-09,0.0000000000000000e+00,0,0
41,2,2.5,2.5435050529952448e-32,7.6506840340030099e-10,0.0000000000000000e+00,0,0
42,2,2.5,1.6956700353301635e-32,5.1327409735182241e-10,0.0000000000000000e+00,0,0
