# n, l, j, Dipole Matrix Element (Cm), Resonant Wavlength (m), Linewidth (rad/s), Magnetic Dipole Constant (Hz)
3,0,0.5,2.116869422714255e-29,-5.897575791002744e-07,61576001.8465211,0
4,0,0.5,2.1432478578882636e-29,1.1384619035941868e-06,0.0,0
5,0,0.5,4.5582642028676305e-30,6.155915597926093e-07,0.0,0
6,0,0.5,-2.3528804257549854e-30,5.150270469888298e-07,0.0,0
7,0,0.5,1.536916561305796e-30,4.749270214267554e-07,0.0,0
8,0,0.5,-1.119122297114441e-30,4.5429090220801643e-07,0.0,0
9,0,0.5,8.676693340463987e-31,4.421127740943132e-07,0.0,0
10,0,0.5,-7.0091782869842925e-31,4.342713758222814e-07,0.0,0
11,0,0.5,5.829370047420804e-31,4.289045851304265e-07,0.0,0
12,0,0.5,-4.954966712906039e-31,4.2506075822137843e-07,0.0,0
13,0,0.5,4.283845985850286e-31,4.2220886037447344e-07,0.0,0
14,0,0.5,-3.7544656940874806e-31,4.200322393461385e-07,0.0,0
15,0,0.5,3.3275959376093955e-31,4.183319866221196e-07,0.0,0
16,0,0.5,-2.977089949716166e-31,4.169777860968889e-07,0.0,0
17,0,0.5,2.684877409476385e-31,4.158812378495162e-07,0.0,0
18,0,0.5,-2.438088126566461e-31,4.149805931938654e-07,0.0,0
19,0,0.5,2.2273197589247216e-31,4.142316262275525e-07,0.0,0
20,0,0.5,-2.0455524425063597e-31,4.1360196752826214e-07,0.0,0
21,0,0.5,1.8874454764031812e-31,4.1306747238702314e-07,0.0,0
22,0,0.5,-1.7488681760656e-31,4.126098273247369e-07,0.0,0
23,0,0.5,1.6265789306905557e-31,4.1221493364727453e-07,0.0,0
24,0,0.5,-1.5180007215744916e-31,4.1187179188205875e-07,0.0,0
25,0,0.5,1.421060993282263e-31,4.1157171687242504e-07,0.0,0
26,0,0.5,-1.334075407567765e-31,4.113077758552912e-07,0.0,0
27,0,0.5,1.2556621133848763e-31,4.110743798187801e-07,0.0,0
28,0,0.5,-1.184677615682589e-31,4.1086698206706133e-07,0.0,0
29,0,0.5,1.120168176567689e-31,4.106818529589748e-07,0.0,0
30,0,0.5,-1.0613325506495294e-31,4.1051590955490376e-07,0.0,0
31,0,0.5,1.0074930995102675e-31,4.103665853690971e-07,0.0,0
32,0,0.5,-9.58073178840568e-32,4.1023172977361273e-07,0.0,0
33,0,0.5,9.125792714149374e-32,4.1010952957256203e-07,0.0,0
34,0,0.5,-8.705867507545923e-32,4.099984473263984e-07,0.0,0
35,0,0.5,8.317284469219907e-32,4.098971724542267e-07,0.0,0
36,0,0.5,-7.956853953454144e-32,4.0980458217234926e-07,0.0,0
37,0,0.5,7.62179300661986e-32,4.0971971006862777e-07,0.0,0
38,0,0.5,-7.309663574891188e-32,4.0964172065147294e-07,0.0,0
39,0,0.5,7.018321537625662e-32,4.095698886084444e-07,0.0,0
40,0,0.5,-6.745874426117754e-32,4.095035818032565e-07,0.0,0
41,0,0.5,6.49064616445463e-32,4.094422472598196e-07,0.0,0
3,2,1.5,-4.1056418648425815e-29,8.185514060043063e-07,0.0,0
4,2,1.5,1.1638394037468722e-29,5.684263694915967e-07,0.0,0
5,2,1.5,-6.075997889439478e-30,4.979899801825945e-07,0.0,0
6,2,1.5,3.942008757122085e-30,4.666112488457349e-07,0.0,0
7,2,1.5,-2.8513380148665262e-30,4.49544599219687e-07,0.0,0
8,2,1.5,2.2000609872284114e-30,4.391266202561695e-07,0.0,0
9,2,1.5,-1.7714826603538167e-30,4.3226220550630234e-07,0.0,0
10,2,1.5,1.4701633939754247e-30,4.2748437089314e-07,0.0,0
11,2,1.5,-1.247935044161778e-30,4.240180076909636e-07,0.0,0
12,2,1.5,1.0780027970929035e-30,4.2141977564898293e-07,0.0,0
13,2,1.5,-9.443325626858054e-31,4.1942021155355234e-07,0.0,0
14,2,1.5,8.36769207143702e-31,4.1784744262071203e-07,0.0,0
15,2,1.5,-7.485825677653941e-31,4.1658744640290424e-07,0.0,0
16,2,1.5,6.751439267002636e-31,4.155620619886419e-07,0.0,0
17,2,1.5,-6.131701508826093e-31,4.1471620529110807e-07,0.0,0
18,2,1.5,5.602710534273796e-31,4.140101207072255e-07,0.0,0
19,2,1.5,-5.1466728449373395e-31,4.1341451619735636e-07,0.0,0
20,2,1.5,4.750084020173659e-31,4.1290741419513977e-07,0.0,0
21,2,1.5,-4.402520387633379e-31,4.1247205823165566e-07,0.0,0
22,2,1.5,4.095815577044961e-31,4.120954883633407e-07,0.0,0
23,2,1.5,-3.8234865272331327e-31,4.1176755134919203e-07,0.0,0
24,2,1.5,3.5803252716054652e-31,4.114801999825715e-07,0.0,0
25,2,1.5,-3.3621033768330688e-31,4.1122698872955926e-07,0.0,0
26,2,1.5,3.1653544779677045e-31,4.110027051277596e-07,0.0,0
27,2,1.5,-2.9872119343347965e-31,4.108030966607851e-07,0.0,0
28,2,1.5,2.825286023729507e-31,4.1062466581065933e-07,0.0,0
29,2,1.5,-2.677569925074216e-31,4.104645144800291e-07,0.0,0
30,2,1.5,2.5423669419957807e-31,4.103202246263241e-07,0.0,0
31,2,1.5,-2.4182335972513113e-31,4.101897657728524e-07,0.0,0
32,2,1.5,2.3039347182858254e-31,4.100714226877625e-07,0.0,0
33,2,1.5,-2.1984076809505658e-31,4.0996373835097324e-07,0.0,0
34,2,1.5,2.1007337147679755e-31,4.0986546861993534e-07,0.0,0
35,2,1.5,-2.01011470256466e-31,4.097755459269659e-07,0.0,0
36,2,1.5,1.925854291110877e-31,4.096930500067267e-07,0.0,0
37,2,1.5,-1.8473424121798164e-31,4.09617184138388e-07,0.0,0
38,2,1.5,1.774042520192222e-31,4.095472557452111e-07,0.0,0
39,2,1.5,-1.705481009264236e-31,4.0948266046073965e-07,0.0,0
40,2,1.5,1.6412383893304412e-31,4.094228689707212e-07,0.0,0
41,2,1.5,-1.5809418935045136e-31,4.093674160911344e-07,0.0,0
