# n, l, j, Dipole Matrix Element (Cm), Resonant Wavlength (m), Linewidth (rad/s), Magnetic Dipole Constant (Hz)
3,0,0.5,2.9939523922500674e-29,-5.891595782954084e-07,61773882.30344944,0
4,0,0.5,2.1475660997456515e-29,1.1406969372792366e-06,0.0,0
5,0,0.5,-4.5584240570302295e-30,6.162444512310679e-07,0.0,0
6,0,0.5,2.3522375971643194e-30,5.154839673320071e-07,0.0,0
7,0,0.5,-1.5363214479104903e-30,4.753155331983614e-07,0.0,0
8,0,0.5,1.1186260559848953e-30,4.54646372298516e-07,0.0,0
9,0,0.5,-8.672565569848738e-31,4.4244943446919527e-07,0.0,0
10,0,0.5,7.00570040929448e-31,4.3459619556639246e-07,0.0,0
11,0,0.5,-5.826396842644122e-31,4.292214232115085e-07,0.0,0
12,0,0.5,4.9523906806693225e-31,4.2537194070759036e-07,0.0,0
13,0,0.5,-4.281587686268027e-31,4.225158796722928e-07,0.0,0
14,0,0.5,3.752465656069171e-31,4.203361001002297e-07,0.0,0
15,0,0.5,-3.325808895065158e-31,4.1863339147052347e-07,0.0,0
16,0,0.5,2.9754808684212772e-31,4.1727724202403005e-07,0.0,0
17,0,0.5,-2.6834187455767534e-31,4.161791202952376e-07,0.0,0
18,0,0.5,2.4367579119969325e-31,4.152771863705809e-07,0.0,0
19,0,0.5,-2.2261002432503146e-31,4.1452714939216845e-07,0.0,0
20,0,0.5,2.0444291135803966e-31,4.138965926277921e-07,0.0,0
21,0,0.5,-1.886406342829616e-31,4.133613362238545e-07,0.0,0
22,0,0.5,1.747903233495611e-31,4.129030401368559e-07,0.0,0
23,0,0.5,-1.6256797592432168e-31,4.1250758528255167e-07,0.0,0
24,0,0.5,1.5171601781910353e-31,4.1216395632106446e-07,0.0,0
25,0,0.5,-1.4202729737906216e-31,4.1186345559468417e-07,0.0,0
26,0,0.5,1.3333346606110126e-31,4.1159914038089257e-07,0.0,0
27,0,0.5,-1.2549640934128802e-31,4.113654136524071e-07,0.0,0
28,0,0.5,1.1840183657018071e-31,4.111577222025914e-07,0.0,0
29,0,0.5,-1.119544233801242e-31,4.109723310565958e-07,0.0,0
30,0,0.5,1.060740870012838e-31,4.108061528711792e-07,0.0,0
31,0,0.5,-1.006930991063365e-31,4.106566174985535e-07,0.0,0
32,0,0.5,9.575382563055321e-32,4.1052157124504354e-07,0.0,0
33,0,0.5,-9.12069409517691e-32,4.103991983322644e-07,0.0,0
34,0,0.5,8.701000496624345e-32,4.102879591326339e-07,0.0,0
35,0,0.5,-8.312632024236612e-32,4.1018654120139965e-07,0.0,0
36,0,0.5,7.952400737096169e-32,4.1009382015911427e-07,0.0,0
37,0,0.5,-7.617525173333048e-32,4.1000882822094054e-07,0.0,0
38,0,0.5,7.305568589469211e-32,4.0993072870919105e-07,0.0,0
39,0,0.5,-7.01438802004062e-32,4.0985879528225215e-07,0.0,0
40,0,0.5,6.742092018216144e-32,4.0979239490728464e-07,0.0,0
41,0,0.5,-6.487005414979731e-32,4.0973097382424764e-07,0.0,0
3,2,1.5,-1.299827444016784e-29,8.197061865710627e-07,0.0,0
4,2,1.5,3.678480561804816e-30,5.689830023051064e-07,0.0,0
5,2,1.5,-1.9192021195493464e-30,4.984171581887395e-07,0.0,0
6,2,1.5,1.2447440138437154e-30,4.669862690019862e-07,0.0,0
7,2,1.5,-9.001764088404538e-31,4.4989267756375716e-07,0.0,0
8,2,1.5,6.9447987433451815e-31,4.394587464839546e-07,0.0,0
9,2,1.5,-5.591455512170677e-31,4.325840255117313e-07,0.0,0
10,2,1.5,4.640097530271543e-31,4.2779911341229135e-07,0.0,0
11,2,1.5,-3.9385275003867576e-31,4.2432766472049955e-07,0.0,0
12,2,1.5,3.4020983084674828e-31,4.2172564799974837e-07,0.0,0
13,2,1.5,-2.98016492642974e-31,4.1972318712411703e-07,0.0,0
14,2,1.5,2.6406556658403686e-31,4.181481494023831e-07,0.0,0
15,2,1.5,-2.3623177761879473e-31,4.168863417403844e-07,0.0,0
16,2,1.5,2.1305358359371043e-31,4.1585948721537317e-07,0.0,0
17,2,1.5,-1.9349439626681275e-31,4.150124205289207e-07,0.0,0
18,2,1.5,1.767996070765901e-31,4.143053277886086e-07,0.0,0
19,2,1.5,-1.6240748643930653e-31,4.137088742043242e-07,0.0,0
20,2,1.5,1.4989172850875802e-31,4.132010502584346e-07,0.0,0
21,2,1.5,-1.3892329366802517e-31,4.127650752013098e-07,0.0,0
22,2,1.5,1.2924440685881477e-31,4.123879703628692e-07,0.0,0
23,2,1.5,-1.2065043386654609e-31,4.1205956786683077e-07,0.0,0
24,2,1.5,1.1297699269794613e-31,4.117718089315275e-07,0.0,0
25,2,1.5,-1.0609062220908685e-31,4.115182387689963e-07,0.0,0
26,2,1.5,9.988191665594306e-32,4.11293637445339e-07,0.0,0
27,2,1.5,-9.426040062072826e-32,4.110937463574231e-07,0.0,0
28,2,1.5,8.915065226129826e-32,4.1091506298758484e-07,0.0,0
29,2,1.5,-8.448933544942953e-32,4.1075468510038764e-07,0.0,0
30,2,1.5,8.022290248829517e-32,4.106101912041668e-07,0.0,0
31,2,1.5,-7.630579785924252e-32,4.1047954792863007e-07,0.0,0
32,2,1.5,7.269904050707991e-32,4.103610375996121e-07,0.0,0
33,2,1.5,-6.936909522448683e-32,4.1025320112394975e-07,0.0,0
34,2,1.5,6.628696694532191e-32,4.1015479259011364e-07,0.0,0
35,2,1.5,-6.342746847238933e-32,4.100647429134525e-07,0.0,0
36,2,1.5,6.076862428297794e-32,4.099821305217179e-07,0.0,0
37,2,1.5,-5.829118198290327e-32,4.0990615756321384e-07,0.0,0
38,2,1.5,5.59782095069859e-32,4.098361304786312e-07,0.0,0
39,2,1.5,-5.381476110905769e-32,4.097714440444689e-07,0.0,0
40,2,1.5,5.178759887359522e-32,4.097115681961679e-07,0.0,0
41,2,1.5,-4.988495940110824e-32,4.096560370905549e-07,0.0,0
3,2,2.5,-3.8994861238869616e-29,8.197061865710627e-07,0.0,0
4,2,2.5,1.1035459494516338e-29,5.689830023051064e-07,0.0,0
5,2,2.5,-5.757617496459585e-30,4.984171581887395e-07,0.0,0
6,2,2.5,3.734239930960889e-30,4.669862690019862e-07,0.0,0
7,2,2.5,-2.700535224660013e-30,4.4989267756375716e-07,0.0,0
8,2,2.5,2.0834443971594913e-30,4.394587464839546e-07,0.0,0
9,2,2.5,-1.6774405782098685e-30,4.325840255117313e-07,0.0,0
10,2,2.5,1.392032563625805e-30,4.2779911341229135e-07,0.0,0
11,2,2.5,-1.181561084861797e-30,4.2432766472049955e-07,0.0,0
12,2,2.5,1.0206319606869641e-30,4.2172564799974837e-07,0.0,0
13,2,2.5,-8.940516531618148e-31,4.1972318712411703e-07,0.0,0
14,2,2.5,7.92198636442745e-31,4.181481494023831e-07,0.0,0
15,2,2.5,-7.086970720362535e-31,4.168863417403844e-07,0.0,0
16,2,2.5,6.391623241676695e-31,4.1585948721537317e-07,0.0,0
17,2,2.5,-5.804846213754298e-31,4.150124205289207e-07,0.0,0
18,2,2.5,5.304001330141789e-31,4.143053277886086e-07,0.0,0
19,2,2.5,-4.87223666463396e-31,4.137088742043242e-07,0.0,0
20,2,2.5,4.496763013203747e-31,4.132010502584346e-07,0.0,0
21,2,2.5,-4.167709164996538e-31,4.127650752013098e-07,0.0,0
22,2,2.5,3.877341850195056e-31,4.123879703628692e-07,0.0,0
23,2,2.5,-3.61952202778728e-31,4.1205956786683077e-07,0.0,0
24,2,2.5,3.389318226786407e-31,4.117718089315275e-07,0.0,0
25,2,2.5,-3.1827266032211227e-31,4.115182387689963e-07,0.0,0
26,2,2.5,2.996464976854764e-31,4.11293637445339e-07,0.0,0
27,2,2.5,-2.8278190791915995e-31,4.110937463574231e-07,0.0,0
28,2,2.5,2.67452624915686e-31,4.1091506298758484e-07,0.0,0
29,2,2.5,-2.5346863984271847e-31,4.1075468510038764e-07,0.0,0
30,2,2.5,2.4066930923264246e-31,4.106101912041668e-07,0.0,0
31,2,2.5,-2.2891796617634444e-31,4.1047954792863007e-07,0.0,0
32,2,2.5,2.1809766722989154e-31,4.103610375996121e-07,0.0,0
33,2,2.5,-2.0810780653799854e-31,4.1025320112394975e-07,0.0,0
34,2,2.5,1.9886139871861872e-31,4.1015479259011364e-07,0.0,0
35,2,2.5,-1.9028288193753264e-31,4.100647429134525e-07,0.0,0
36,2,2.5,1.823063294923317e-31,4.099821305217179e-07,0.0,0
37,2,2.5,-1.7487398407683045e-31,4.0990615756321384e-07,0.0,0
38,2,2.5,1.6793504934965987e-31,4.098361304786312e-07,0.0,0
39,2,2.5,-1.6144468796198345e-31,4.097714440444689e-07,0.0,0
40,2,2.5,1.5536318607804323e-31,4.097115681961679e-07,0.0,0
41,2,2.5,-1.4965525341366311e-31,4.096560370905549e-07,0.0,0
