# n, l, j, Dipole Matrix Element (Cm), Resonant Wavlength (m), Linewidth (rad/s), Magnetic Dipole Constant (Hz)
3,1,0.5,2.116869422714255e-29,5.897575791002744e-07,0.0,0
4,1,0.5,1.8285051654711068e-30,3.303935270525514e-07,0.0,0
5,1,0.5,6.4147558264068345e-31,2.8538559785406714e-07,0.0,0
6,1,0.5,3.3572553857830165e-31,2.681232892171946e-07,0.0,0
7,1,0.5,-2.4797752812183852e-31,2.594699089105859e-07,0.0,0
8,1,0.5,1.7812428909530413e-31,2.544639775627654e-07,0.0,0
9,1,0.5,-1.3645369706105818e-31,2.512914655046424e-07,0.0,0
10,1,0.5,1.0919884215526743e-31,2.4914821241826995e-07,0.0,0
11,1,0.5,-9.017374450581687e-32,2.4762977430759687e-07,0.0,0
12,1,0.5,7.623797293034733e-32,2.4651354496813134e-07,0.0,0
13,1,0.5,-6.564608789372574e-32,2.456683649767923e-07,0.0,0
14,1,0.5,5.73578233432989e-32,2.450127074623619e-07,0.0,0
15,1,0.5,-5.071788338613474e-32,2.444936552868459e-07,0.0,0
16,1,0.5,4.5294508870182294e-32,2.4407560943565033e-07,0.0,0
17,1,0.5,-4.0792467423978023e-32,2.437338883601914e-07,0.0,0
18,1,0.5,3.7003498488297e-32,2.4345093316481003e-07,0.0,0
19,1,0.5,-3.3776753617063367e-32,2.432139705019876e-07,0.0,0
20,1,0.5,3.100045593969043e-32,2.4301352539022133e-07,0.0,0
21,1,0.5,-2.8590128453449227e-32,2.4284244758172953e-07,0.0,0
22,1,0.5,2.6480812814201183e-32,2.426952580310403e-07,0.0,0
23,1,0.5,-2.4621790975156808e-32,2.42567700418585e-07,0.0,0
24,1,0.5,2.297292237032493e-32,2.4245642725846715e-07,0.0,0
25,1,0.5,-2.1502049794796283e-32,2.423587762751191e-07,0.0,0
26,1,0.5,2.0183128589798737e-32,2.422726085184761e-07,0.0,0
27,1,0.5,-1.8994855293132877e-32,2.4219618945657805e-07,0.0,0
28,1,0.5,1.7919647268299828e-32,2.421281004696931e-07,0.0,0
29,1,0.5,-1.6942873383015914e-32,2.420671721675984e-07,0.0,0
30,1,0.5,1.6052266719582354e-32,2.4201243358428965e-07,0.0,0
31,1,0.5,-1.5237471171018478e-32,2.419630730682253e-07,0.0,0
32,1,0.5,1.4489687878728492e-32,2.419184078867726e-07,0.0,0
33,1,0.5,-1.3801396756184457e-32,2.418778603927032e-07,0.0,0
34,1,0.5,1.3166135280089958e-32,2.4184093918103314e-07,0.0,0
35,1,0.5,-1.257832133852353e-32,2.418072240759623e-07,0.0,0
36,1,0.5,1.2033110219758848e-32,2.417763540827518e-07,0.0,0
37,1,0.5,-1.1526278428352127e-32,2.417480176533227e-07,0.0,0
38,1,0.5,1.1054128579258454e-32,2.417219447710557e-07,0.0,0
39,1,0.5,-1.0613411115234835e-32,2.416979004761478e-07,0.0,0
40,1,0.5,1.0201259474754438e-32,2.416756795393378e-07,0.0,0
41,1,0.5,-9.815136103024535e-33,2.4165510205686717e-07,0.0,0
3,1,1.5,2.9939523922500674e-29,5.891595782954084e-07,0.0,0
4,1,1.5,2.607868022885021e-30,3.303324083453437e-07,0.0,0
5,1,1.5,9.232452310903291e-31,2.8536558993088567e-07,0.0,0
6,1,1.5,4.856030111579004e-31,2.681140101697856e-07,0.0,0
7,1,1.5,-3.5676305839627908e-31,2.594647890206613e-07,0.0,0
8,1,1.5,2.566382262627496e-31,2.544608361062105e-07,0.0,0
9,1,1.5,-1.9680628017646761e-31,2.512893930948279e-07,0.0,0
10,1,1.5,1.576190918405357e-31,2.491467708490691e-07,0.0,0
11,1,1.5,-1.3023457355149192e-31,2.4762872998353146e-07,0.0,0
12,1,1.5,1.1015776430537502e-31,2.4651276365495136e-07,0.0,0
13,1,1.5,-9.488736587822524e-32,2.45667764905307e-07,0.0,0
14,1,1.5,8.293103674571061e-32,2.4501223643841166e-07,0.0,0
15,1,1.5,-7.334782063509288e-32,2.444932786897341e-07,0.0,0
16,1,1.5,6.551723042312988e-32,2.440753035504911e-07,0.0,0
17,1,1.5,-5.901467431391599e-32,2.4373363649175105e-07,0.0,0
18,1,1.5,5.354044784529788e-32,2.434507232791268e-07,0.0,0
19,1,1.5,-4.887734435166545e-32,2.4321379374480625e-07,0.0,0
20,1,1.5,4.4864335738867837e-32,2.430133751279582e-07,0.0,0
21,1,1.5,-4.1379668649366935e-32,2.428423187641855e-07,0.0,0
22,1,1.5,3.8329684132948504e-32,2.426951467579957e-07,0.0,0
23,1,1.5,-3.564122967817969e-32,2.4256760363891036e-07,0.0,0
24,1,1.5,3.325639077457563e-32,2.424563425573355e-07,0.0,0
25,1,1.5,-3.1128758183517143e-32,2.4235870172099583e-07,0.0,0
26,1,1.5,2.9220734768337723e-32,2.4227254255141725e-07,0.0,0
27,1,1.5,-2.750156052094365e-32,2.4219613080555573e-07,0.0,0
28,1,1.5,2.5945842689471323e-32,2.421280480906296e-07,0.0,0
29,1,1.5,-2.453244711765594e-32,2.420671251963806e-07,0.0,0
30,1,1.5,2.324365161007812e-32,2.4201239130076184e-07,0.0,0
31,1,1.5,-2.2064492274106068e-32,2.419630348683199e-07,0.0,0
32,1,1.5,2.0982253496110233e-32,2.4191837326074317e-07,0.0,0
33,1,1.5,-1.998606626058358e-32,2.4187782890797676e-07,0.0,0
34,1,1.5,1.9066588983742787e-32,2.418409104685947e-07,0.0,0
35,1,1.5,-1.8215751791988606e-32,2.4180719781946294e-07,0.0,0
36,1,1.5,1.7426550190098966e-32,2.4177633000973533e-07,0.0,0
37,1,1.5,-1.6692877219590167e-32,2.4174799552811153e-07,0.0,0
38,1,1.5,1.6009386219838416e-32,2.4172192438894754e-07,0.0,0
39,1,1.5,-1.5371377728792972e-32,2.416978816586535e-07,0.0,0
40,1,1.5,1.4774705851598005e-32,2.416756621302524e-07,0.0,0
41,1,1.5,-1.4215700294229927e-32,2.416550859190115e-07,0.0,0
